47
858
956
986
877
529
740
244
489
542
11
902
862
222
202
478
100
496
29
480
835
398
676
213
303
273
33
291
274
834
947
887
905
712
403
12
979
293
207
945
468
775
391
495
745
591
682
855
723
402
683
85
658
92
62
494
82
768
926
534
944
656
165
903
537
671
396
703
415
407
933
585
821
54
633
413
829
91
94
453
584
751
863
825
350
618
247
374
777
901
237
285
566
804
317
713
102
268
824
201
695
392
184
225
76
214
151
464
431
137
706
951
570
557
535
614
121
691
493
592
462
828
803
322
701
330
655
23
760
987
919
523
737
665
764
884
399
705
598
970
627
687
357
382
860
281
120
44
230
670
451
778
708
117
378
763
786
0
157
975
245
130
538
847
985
637
513
694
946
629
257
741
772
848
158
482
586
624
564
650
642
190
811
861
355
878
221
299
242
943
106
679
816
662
698
21
432
265
112
659
562
113
351
543
71
870
466
641
264
950
716
233
111
972
138
383
313
505
853
315
172
384
693
206
287
272
7
227
423
560
449
154
359
984
910
732
997
845
434
284
563
525
409
441
568
328
440
167
289
189
632
216
767
704
141
856
749
499
667
498
866
622
424
116
550
470
143
840
6
340
719
891
582
487
288
805
702
471
352
915
283
942
958
820
599
371
646
199
254
545
652
657
800
819
290
836
881
779
991
24
797
318
980
372
115
160
77
928
278
790
57
173
411
587
666
827
177
36
344
699
556
126
832
649
15
314
520
654
310
474
922
644
28
249
488
989
300
387
404
181
59
277
752
756
356
147
927
500
394
436
906
948
46
608
308
784
385
368
815
718
97
35
45
830
892
527
697
623
581
14
973
621
119
223
967
87
153
176
65
437
615
347
438
507
260
297
294
218
685
72
373
312
86
19
983
282
442
397
605
909
617
882
844
672
406
634
320
183
261
611
872
279
754
883
333
781
429
88
518
107
210
643
569
707
776
67
959
849
721
789
131
16
888
509
448
677
376
941
89
256
99
156
136
139
204
417
940
95
620
486
686
969
235
74
129
169
51
38
280
871
175
988
241
595
539
349
748
473
238
612
616
952
31
660
479
388
724
575
26
96
452
212
561
186
558
258
717
519
58
324
414
232
522
720
867
990
726
755
510
553
722
40
807
93
159
894
342
492
18
729
688
651
898
170
316
149
966
422
305
610
528
814
4
911
405
603
427
321
146
865
515
390
481
1
976
334
647
962
923
231
64
955
419
286
850
365
135
936
886
192
118
684
530
83
631
253
864
742
145
806
475
306
576
150
533
765
84
851
174
194
663
348
366
547
761
932
516
428
653
104
408
939
964
758
203
711
311
393
578
503
734
907
250
345
935
771
185
818
381
974
511
567
904
50
144
738
80
171
122
208
48
710
968
636
796
879
410
469
692
327
196
759
164
504
674
841
949
70
817
483
79
744
963
795
812
773
420
996
554
262
916
678
957
9
243
25
445
593
574
709
675
846
999
532
389
854
443
594
228
338
450
730
63
191
472
859
465
668
913
426
125
857
502
517
635
140
353
565
101
412
298
270
839
501
874
572
669
971
573
770
319
400
753
266
555
838
801
690
271
239
813
785
792
98
179
508
236
467
219
110
61
524
360
295
255
793
739
13
607
890
914
953
166
992
155
876
332
769
132
912
248
546
341
640
425
746
725
375
90
215
240
439
559
416
292
689
60
152
367
802
195
337
446
39
808
188
541
354
521
577
757
418
799
960
885
917
852
580
673
259
339
810
681
205
220
981
873
924
56
459
458
893
895
823
379
497
17
548
897
114
648
619
822
301
343
380
78
162
27
41
252
843
296
463
178
246
833
263
794
476
251
224
512
868
325
229
977
639
809
837
549
168
899
331
934
180
731
134
715
20
982
217
435
8
234
571
302
163
34
335
161
336
937
782
597
326
30
661
42
961
552
596
329
133
798
774
993
361
455
743
626
323
370
75
456
918
929
733
602
267
69
780
787
81
700
613
454
788
750
457
444
791
193
600
526
22
477
506
53
638
182
460
727
37
148
908
142
606
108
346
307
728
998
736
395
73
197
364
645
490
536
965
588
226
363
49
386
275
309
540
601
604
583
589
920
735
995
461
55
5
625
551
875
358
714
514
447
630
269
869
124
123
930
938
831
491
103
896
377
978
430
609
3
32
198
696
921
664
783
187
766
485
211
628
66
925
362
10
200
889
68
900
544
826
401
105
994
276
52
590
579
304
209
109
2
369
680
127
954
43
421
931
484
128
762
842
433
531
747
880
